#0		1		2		3		4		5		6		7
#1		2		3		4		5		6		7		8
#STAND	POSX	POSY	POSZ	DLYB10	DLYB80	DLYG10	DLYG80
1	-54.595	-0.653	3.204	0	0	0	0
2	-49.298	0.55	3.075	0	0	0	0
3	-43.476	-2.34	2.802	0	0	0	0
4	-39.395	1.604	2.707	0	0	0	0
5	-31.597	-3.176	2.503	0	0	0	0
6	-26.034	1.885	2.298	0	0	0	0
7	-16.578	0.047	2.02	0	0	0	0
8	-10.796	0.386	1.817	0	0	0	0
9	-4.375	-0.759	1.683	0	0	0	0
10	0.875	1.887	1.536	0	0	0	0
11	5.662	-0.678	1.403	0	0	0	0
12	14.429	-1.338	1.052	0	0	0	0
13	19.819	-0.941	0.893	0	0	0	0
14	25.201	-0.218	0.683	0	0	0	0
15	29.751	1.768	0.511	0	0	0	0
16	35.45	2.643	0.284	0	0	0	0
17	42.261	-1.444	0.163	0	0	0	0
18	47.373	-1.004	0.142	0	0	0	0
19	53.401	-2.476	0.058	0	0	0	0
20	-51.405	7.905	3.153	0	0	0	0
21	-53.68	-8.825	3.148	0	0	0	0
22	-46.343	7.11	3.008	0	0	0	0
23	-49.085	-6.881	3.046	0	0	0	0
24	-41.284	6.204	2.759	0	0	0	0
25	-36.569	-3.054	2.66	0	0	0	0
26	-32.959	4.203	2.552	0	0	0	0
27	-32.186	-8.155	2.532	0	0	0	0
28	-26.062	6.964	2.364	0	0	0	0
29	-27.368	-6.762	2.394	0	0	0	0
30	-21.063	5.986	2.167	0	0	0	0
31	-21.789	-3.856	2.183	0	0	0	0
32	-13.821	4.505	1.962	0	0	0	0
33	-14.887	-4.929	1.995	0	0	0	0
34	-8.226	5.39	1.763	0	0	0	0
35	-9.953	-5.805	1.844	0	0	0	0
36	-3.499	4.34	1.591	0	0	0	0
37	-5.207	-7.935	1.738	0	0	0	0
38	0.991	7.086	1.434	0	0	0	0
39	2.81	-6.795	1.467	0	0	0	0
40	11.245	3.345	1.127	0	0	0	0
41	8.751	-4.704	1.328	0	0	0	0
42	15.42	6.985	1.006	0	0	0	0
43	16.536	-5.886	1.048	0	0	0	0
44	19.519	4.042	0.93	0	0	0	0
45	21.112	-7.739	0.829	0	0	0	0
46	25.539	4.926	0.706	0	0	0	0
47	25.474	-5.252	0.664	0	0	0	0
48	30.12	6.988	0.45	0	0	0	0
49	31.308	-4.715	0.406	0	0	0	0
50	37.069	7.595	0.215	0	0	0	0
51	38.483	-5.881	0.299	0	0	0	0
52	41.813	6.035	0.147	0	0	0	0
53	44.339	-6.039	0.157	0	0	0	0
54	54.707	5.269	-0.031	0	0	0	0
55	53.539	-7.524	-0.047	0	0	0	0
56	-51.997	13.01	3.181	0	0	0	0
57	-50.553	-12.82	3.058	0	0	0	0
58	-46.58	12.505	2.984	0	0	0	0
59	-45.061	-9.738	2.892	0	0	0	0
60	-38.298	10.251	2.769	0	0	0	0
61	-39.94	-10.361	2.641	0	0	0	0
62	-30.12	9.697	2.514	0	0	0	0
63	-30.479	-14.792	2.474	0	0	0	0
64	-24.907	11.743	2.3	0	0	0	0
65	-23.69	-10.112	2.258	0	0	0	0
66	-18.18	12.878	2.119	0	0	0	0
67	-18.68	-10.507	2.14	0	0	0	0
68	-11.835	9.074	1.859	0	0	0	0
69	-13.709	-11.091	2.005	0	0	0	0
70	-7.09	10.509	1.736	0	0	0	0
71	-8.714	-11.53	1.814	0	0	0	0
72	-2.057	11.094	1.524	0	0	0	0
73	1.252	-12.109	1.469	0	0	0	0
74	6.787	6.613	1.312	0	0	0	0
75	6.94	-9.575	1.326	0	0	0	0
76	10.992	9.266	1.097	0	0	0	0
77	12.893	-9.136	1.158	0	0	0	0
78	17.891	11.308	0.866	0	0	0	0
79	17.503	-11.051	0.933	0	0	0	0
80	23.116	10.741	0.714	0	0	0	0
81	24.871	-12.771	0.653	0	0	0	0
82	30.376	11.968	0.408	0	0	0	0
83	29.392	-10.945	0.542	0	0	0	0
84	36.01	13.301	0.275	0	0	0	0
85	34.357	-8.671	0.385	0	0	0	0
86	44.328	11.979	0.012	0	0	0	0
87	41.927	-10.996	0.181	0	0	0	0
88	51.406	13.665	-0.077	0	0	0	0
89	52.298	-15.599	-0.079	0	0	0	0
90	-46.282	18.794	2.945	0	0	0	0
91	-46.721	-16.106	2.961	0	0	0	0
92	-42.065	14.62	2.837	0	0	0	0
93	-40.957	-17.631	2.712	0	0	0	0
94	-33.73	14.402	2.739	0	0	0	0
95	-36.134	-16.275	2.644	0	0	0	0
96	-27.875	16.806	2.401	0	0	0	0
97	-26.162	-17.441	2.377	0	0	0	0
98	-20.61	17.446	2.172	0	0	0	0
99	-21.896	-14.845	2.209	0	0	0	0
100	-14.851	16.662	1.983	0	0	0	0
101	-16.874	-15.178	2.119	0	0	0	0
102	-10.716	13.97	1.842	0	0	0	0
103	-11.568	-16.177	1.998	0	0	0	0
104	-5.347	15.712	1.656	0	0	0	0
105	-5.034	-14.922	1.808	0	0	0	0
106	2.68	13.427	1.405	0	0	0	0
107	3.998	-16.28	1.499	0	0	0	0
108	7.672	13.358	1.216	0	0	0	0
109	10.058	-13.511	1.21	0	0	0	0
110	13.474	13.775	1.026	0	0	0	0
111	15.504	-16.685	1.131	0	0	0	0
112	22.027	15.708	0.745	0	0	0	0
113	20.967	-16.086	0.901	0	0	0	0
114	28.583	16.652	0.485	0	0	0	0
115	29.244	-16.439	0.554	0	0	0	0
116	33.397	17.948	0.262	0	0	0	0
117	33.48	-13.763	0.455	0	0	0	0
118	40.551	15.412	0.147	0	0	0	0
119	38.293	-15.968	0.311	0	0	0	0
120	47.853	17.366	-0.084	0	0	0	0
121	44.288	-18.961	0.092	0	0	0	0
122	-44.916	23.622	2.828	0	0	0	0
123	-43.331	-25.67	2.794	0	0	0	0
124	-36.97	18.95	2.747	0	0	0	0
125	-36.527	-22.331	2.677	0	0	0	0
126	-32.37	20.664	2.5	0	0	0	0
127	-32.303	-19.651	2.562	0	0	0	0
128	-25.306	23.475	2.288	0	0	0	0
129	-21.14	-21.645	2.257	0	0	0	0
130	-19.809	22.422	2.108	0	0	0	0
131	-14.932	-19.84	2.07	0	0	0	0
132	-14.856	21.78	1.955	0	0	0	0
133	-10.753	-22.692	1.969	0	0	0	0
134	-7.931	21.946	1.749	0	0	0	0
135	-5.31	-22.081	1.715	0	0	0	0
136	-2.647	19.897	1.55	0	0	0	0
137	0.323	-19.641	1.614	0	0	0	0
138	3.627	19.74	1.314	0	0	0	0
139	6.818	-22.366	1.432	0	0	0	0
140	10	19.485	1.145	0	0	0	0
141	11.593	-20.834	1.289	0	0	0	0
142	15.186	18.517	1.01	0	0	0	0
143	18.723	-20.876	1.056	0	0	0	0
144	25.277	20.924	0.577	0	0	0	0
145	26.403	-21.605	0.806	0	0	0	0
146	29.929	22.693	0.38	0	0	0	0
147	31.566	-21.761	0.6	0	0	0	0
148	35.842	22.412	0.151	0	0	0	0
149	36.612	-20.809	0.39	0	0	0	0
150	46.137	24.62	-0.129	0	0	0	0
151	47.762	-25.058	0.135	0	0	0	0
152	-38.425	29.047	2.669	0	0	0	0
153	-37.441	-28.816	2.704	0	0	0	0
154	-33.107	26.813	2.598	0	0	0	0
155	-30.533	-27.056	2.403	0	0	0	0
156	-28.265	28.348	2.377	0	0	0	0
157	-26.433	-22.802	2.369	0	0	0	0
158	-23.055	28.127	2.197	0	0	0	0
159	-23.003	-26.421	2.331	0	0	0	0
160	-16.707	27.095	2.017	0	0	0	0
161	-17.033	-24.456	2.087	0	0	0	0
162	-11.556	25.519	1.848	0	0	0	0
163	-7.51	-26.537	1.847	0	0	0	0
164	-2.778	24.916	1.555	0	0	0	0
165	-2.681	-28.128	1.707	0	0	0	0
166	3.755	25.451	1.348	0	0	0	0
167	2.857	-25.552	1.571	0	0	0	0
168	8.614	24.262	1.177	0	0	0	0
169	12.446	-26.024	1.385	0	0	0	0
170	14.432	25.142	0.975	0	0	0	0
171	17.386	-26.5	1.151	0	0	0	0
172	22.236	29.113	0.739	0	0	0	0
173	22.994	-25.149	0.909	0	0	0	0
174	26.732	26.906	0.474	0	0	0	0
175	28.278	-26.497	0.737	0	0	0	0
176	31.171	29.087	0.302	0	0	0	0
177	33.677	-27.757	0.54	0	0	0	0
178	37.954	29.309	0.012	0	0	0	0
179	40.293	-30.18	0.327	0	0	0	0
180	-39.441	35.185	2.68	0	0	0	0
181	-41.843	-32.816	2.752	0	0	0	0
182	-32.168	34.381	2.472	0	0	0	0
183	-32.414	-33.813	2.483	0	0	0	0
184	-25.632	32.637	2.274	0	0	0	0
185	-25.415	-31.386	2.307	0	0	0	0
186	-17.75	31.991	2.07	0	0	0	0
187	-17.674	-29.403	2.138	0	0	0	0
188	-11.448	30.67	1.854	0	0	0	0
189	-11.586	-31.532	2.035	0	0	0	0
190	-5.376	29.095	1.619	0	0	0	0
191	-6.982	-34.995	1.812	0	0	0	0
192	-0.666	30.901	1.549	0	0	0	0
193	1.801	-30.592	1.581	0	0	0	0
194	6.443	29.695	1.238	0	0	0	0
195	8.463	-29.187	1.476	0	0	0	0
196	11.314	30.853	1.074	0	0	0	0
197	13.103	-33.489	1.322	0	0	0	0
198	16.216	31.936	0.928	0	0	0	0
199	18.038	-32.462	1.211	0	0	0	0
200	27.1	33.023	0.48	0	0	0	0
201	25.631	-30.597	0.883	0	0	0	0
202	35.012	33.327	0.184	0	0	0	0
203	32.437	-32.628	0.567	0	0	0	0
204	39.949	33.893	-0.006	0	0	0	0
205	39.387	-35.119	0.354	0	0	0	0
206	-36.472	-36.649	2.667	0	0	0	0
207	-27.243	37.328	2.292	0	0	0	0
208	-29.825	-39.699	2.455	0	0	0	0
209	-21.016	35.807	2.092	0	0	0	0
210	-22.66	-35.504	2.285	0	0	0	0
211	-14.397	37.04	1.937	0	0	0	0
212	-17.617	-35.087	2.152	0	0	0	0
213	-8.423	36.166	1.766	0	0	0	0
214	-12.673	-37.205	1.98	0	0	0	0
215	-2.728	38.546	1.561	0	0	0	0
216	-2.057	-34.062	1.753	0	0	0	0
217	3.168	36.542	1.357	0	0	0	0
218	3.757	-35.74	1.621	0	0	0	0
219	10.021	36.994	1.194	0	0	0	0
220	8.816	-36.796	1.446	0	0	0	0
221	15.921	38.696	0.955	0	0	0	0
222	14.198	-38.937	1.27	0	0	0	0
223	20.53	36.721	0.764	0	0	0	0
224	22.362	-35.601	0.961	0	0	0	0
225	30.007	37.37	0.44	0	0	0	0
226	28.44	-35.852	0.763	0	0	0	0
227	-27.588	43.097	2.396	0	0	0	0
228	-22.447	-40.542	2.282	0	0	0	0
229	-22.745	40.879	2.163	0	0	0	0
230	-17.393	-41.573	2.115	0	0	0	0
231	-15.744	41.945	1.991	0	0	0	0
232	-12.214	-44.608	2.032	0	0	0	0
233	-10.16	40.928	1.862	0	0	0	0
234	-8.142	-40.81	1.885	0	0	0	0
235	-2.184	43.975	1.507	0	0	0	0
236	0.256	-39.629	1.699	0	0	0	0
237	3.46	42.425	1.286	0	0	0	0
238	4.692	-41.951	1.528	0	0	0	0
239	11.139	41.849	1.153	0	0	0	0
240	10.904	-43.194	1.395	0	0	0	0
241	16.927	43.542	0.881	0	0	0	0
242	20.175	-40.579	1.05	0	0	0	0
243	23.72	41.488	0.624	0	0	0	0
244	25.152	-39.793	0.94	0	0	0	0
245	-19.949	46.72	2.091	0	0	0	0
246	-16.779	-47.722	2.159	0	0	0	0
247	-12.401	47.37	1.854	0	0	0	0
248	-7.222	-49.222	1.913	0	0	0	0
249	-7.41	47.043	1.677	0	0	0	0
250	-2.249	-48.592	1.717	0	0	0	0
251	-0.376	49.283	1.415	0	0	0	0
252	2.938	-48.237	1.572	0	0	0	0
253	5.271	48.643	1.278	0	0	0	0
254	13.705	-47.373	1.345	0	0	0	0
255	11.217	48.814	1.178	0	0	0	0
256	18.685	-47.094	1.081	0	0	0	0
257	19.778	338.911	1.67	0	0	0	0
258	202.187	-56.028	-5.687	0	0	0	0
259	295.101	167.559	-5.692	0	0	0	0
260	167.84	405.278	-1.462	0	0	0	0
261	-58.617	241.373	2.882	0	0	0	0
